-------------------------------------------------------------------------------------------
|         ID         |      Location      |         left         |          top           |
-------------------------------------------------------------------------------------------
|                  1 |                  9 |             1249.978 |                274.359 |
-------------------------------------------------------------------------------------------
|                  2 |                  9 |             1137.606 |                244.469 |
-------------------------------------------------------------------------------------------
|                  3 |                  7 |             1204.003 |                194.935 |
-------------------------------------------------------------------------------------------
|                  4 |                 11 |             1019.651 |                350.516 |
-------------------------------------------------------------------------------------------
|                  5 |                 11 |              988.813 |                 512.38 |
-------------------------------------------------------------------------------------------
|                  6 |                  6 |              949.492 |                614.816 |
-------------------------------------------------------------------------------------------
|                  7 |                  6 |              941.986 |                  644.2 |
-------------------------------------------------------------------------------------------
|                  8 |                  6 |              882.191 |                630.282 |
-------------------------------------------------------------------------------------------
|                  9 |                  6 |              962.888 |                594.852 |
-------------------------------------------------------------------------------------------
|                 10 |                 11 |              894.191 |                507.551 |
-------------------------------------------------------------------------------------------
|                 11 |                 11 |              907.629 |                343.205 |
-------------------------------------------------------------------------------------------
|                 12 |                  9 |              907.629 |                247.846 |
-------------------------------------------------------------------------------------------
|                 13 |                 11 |              939.439 |                507.551 |
-------------------------------------------------------------------------------------------
|                 14 |                 11 |              846.077 |                507.551 |
-------------------------------------------------------------------------------------------
|                 15 |                 12 |              796.441 |                507.551 |
-------------------------------------------------------------------------------------------
|                 16 |                 12 |              781.389 |                472.684 |
-------------------------------------------------------------------------------------------
|                 17 |                 12 |              781.389 |                350.516 |
-------------------------------------------------------------------------------------------
|                 18 |                 12 |              781.389 |                241.065 |
-------------------------------------------------------------------------------------------
|                 19 |                 12 |              715.734 |                507.551 |
-------------------------------------------------------------------------------------------
|                 20 |                  6 |              710.905 |                597.094 |
-------------------------------------------------------------------------------------------
|                 21 |                  6 |              752.362 |                596.665 |
-------------------------------------------------------------------------------------------
|                 22 |                 12 |              657.822 |                350.516 |
-------------------------------------------------------------------------------------------
|                 23 |                 10 |              631.858 |                631.987 |
-------------------------------------------------------------------------------------------
|                 24 |                 10 |              529.577 |                653.532 |
-------------------------------------------------------------------------------------------
|                 25 |                 10 |              557.452 |                715.938 |
-------------------------------------------------------------------------------------------
|                 26 |                  8 |               78.277 |                 656.37 |
-------------------------------------------------------------------------------------------
|                 27 |                 10 |              633.214 |                715.938 |
-------------------------------------------------------------------------------------------
|                 28 |                 13 |              500.506 |                356.874 |
-------------------------------------------------------------------------------------------
|                 29 |                 13 |              455.203 |                481.024 |
-------------------------------------------------------------------------------------------
|                 30 |                 13 |              493.808 |                471.006 |
-------------------------------------------------------------------------------------------
|                 31 |                 13 |              383.542 |                619.561 |
-------------------------------------------------------------------------------------------
|                 32 |                  6 |              290.543 |                594.852 |
-------------------------------------------------------------------------------------------
|                 33 |                 13 |              251.254 |                472.366 |
-------------------------------------------------------------------------------------------
|                 34 |                 18 |              396.771 |                838.054 |
-------------------------------------------------------------------------------------------
|                 35 |                  6 |              148.324 |                    951 |
-------------------------------------------------------------------------------------------
|                 36 |                 18 |              428.045 |                838.054 |
-------------------------------------------------------------------------------------------
|                 37 |                 14 |               78.319 |                    951 |
-------------------------------------------------------------------------------------------
|                 38 |                 14 |               44.617 |                    951 |
-------------------------------------------------------------------------------------------
|                 39 |                 18 |              457.621 |                838.054 |
-------------------------------------------------------------------------------------------
|                 40 |                 14 |               34.738 |                 911.95 |
-------------------------------------------------------------------------------------------
|                 41 |                 18 |              481.225 |                838.054 |
-------------------------------------------------------------------------------------------
|                 42 |                 18 |              481.225 |                948.731 |
-------------------------------------------------------------------------------------------
|                 43 |                  8 |               34.738 |                829.362 |
-------------------------------------------------------------------------------------------
|                 44 |                 18 |               457.45 |                948.731 |
-------------------------------------------------------------------------------------------
|                 45 |                 18 |              428.045 |                948.731 |
-------------------------------------------------------------------------------------------
|                 46 |                  8 |               34.738 |                751.325 |
-------------------------------------------------------------------------------------------
|                 47 |                 18 |              398.904 |                948.731 |
-------------------------------------------------------------------------------------------
|                 48 |                  8 |               38.557 |                 601.48 |
-------------------------------------------------------------------------------------------
|                 49 |                 13 |              127.367 |                594.081 |
-------------------------------------------------------------------------------------------
|                 50 |                  8 |               34.738 |                537.785 |
-------------------------------------------------------------------------------------------
|                 51 |                  8 |               34.738 |                426.671 |
-------------------------------------------------------------------------------------------
|                 52 |                  8 |               34.738 |                311.075 |
-------------------------------------------------------------------------------------------
|                 53 |                  8 |               34.738 |                209.596 |
-------------------------------------------------------------------------------------------
|                 54 |                  7 |              127.367 |                195.551 |
-------------------------------------------------------------------------------------------
|                 55 |                  7 |              213.894 |                135.768 |
-------------------------------------------------------------------------------------------
|                 56 |                  7 |              311.222 |                135.768 |
-------------------------------------------------------------------------------------------
|                 57 |                  6 |              202.504 |                918.529 |
-------------------------------------------------------------------------------------------
|                 58 |                 13 |              114.789 |                854.585 |
-------------------------------------------------------------------------------------------
|                 59 |                 13 |               44.552 |                655.953 |
-------------------------------------------------------------------------------------------
|                 60 |                 14 |              236.213 |                904.595 |
-------------------------------------------------------------------------------------------
|                 61 |                 14 |              217.779 |                933.633 |
-------------------------------------------------------------------------------------------
|                 62 |                 14 |              236.213 |                852.467 |
-------------------------------------------------------------------------------------------
|                 63 |                 14 |              220.213 |                882.938 |
-------------------------------------------------------------------------------------------
|                 64 |                 14 |              236.213 |                802.339 |
-------------------------------------------------------------------------------------------
|                 65 |                 14 |              220.213 |                833.054 |
-------------------------------------------------------------------------------------------
|                 66 |                 14 |              236.213 |                753.496 |
-------------------------------------------------------------------------------------------
|                 67 |                 14 |              220.213 |                 783.17 |
-------------------------------------------------------------------------------------------
|                 68 |                 14 |              236.213 |                702.628 |
-------------------------------------------------------------------------------------------
|                 69 |                 14 |              220.213 |                733.166 |
-------------------------------------------------------------------------------------------
|                 70 |                 14 |              236.213 |                648.175 |
-------------------------------------------------------------------------------------------
|                 71 |                 14 |              220.213 |                682.532 |
-------------------------------------------------------------------------------------------
|                 72 |                 14 |              274.595 |                751.983 |
-------------------------------------------------------------------------------------------
|                 73 |                 14 |              274.595 |                619.645 |
-------------------------------------------------------------------------------------------
|                 74 |                 14 |              503.479 |                741.667 |
-------------------------------------------------------------------------------------------
|                 75 |                 17 |             1050.463 |                734.951 |
-------------------------------------------------------------------------------------------
|                 76 |                 17 |             1080.024 |                680.743 |
-------------------------------------------------------------------------------------------
|                 77 |                 17 |              896.463 |                689.951 |
-------------------------------------------------------------------------------------------
|                 78 |                 17 |              896.562 |                760.558 |
-------------------------------------------------------------------------------------------
|                 79 |                 17 |              896.463 |                805.201 |
-------------------------------------------------------------------------------------------
|                 80 |                 17 |              708.323 |                639.256 |
-------------------------------------------------------------------------------------------
|                 81 |                 15 |              624.285 |                604.637 |
-------------------------------------------------------------------------------------------
|                 82 |                 15 |              326.037 |                604.637 |
-------------------------------------------------------------------------------------------
|                 83 |                 15 |              181.413 |                604.637 |
-------------------------------------------------------------------------------------------
|                 84 |                 19 |             1235.164 |                434.165 |
-------------------------------------------------------------------------------------------
|                 85 |                 19 |             1235.164 |                 369.02 |
-------------------------------------------------------------------------------------------
|                 86 |                 17 |             1077.244 |                744.224 |
-------------------------------------------------------------------------------------------
|                 87 |                 16 |                270.2 |                 96.516 |
-------------------------------------------------------------------------------------------
|                 88 |                 16 |              807.819 |                 96.516 |
-------------------------------------------------------------------------------------------
|                 89 |                 16 |             1002.145 |                 96.516 |
-------------------------------------------------------------------------------------------
|                 90 |                 19 |             1202.412 |                493.755 |
-------------------------------------------------------------------------------------------
|                 91 |                 17 |             1202.412 |                512.793 |
-------------------------------------------------------------------------------------------
|                 92 |                  8 |               39.772 |                864.709 |
-------------------------------------------------------------------------------------------
|                 93 |                 13 |              136.525 |                854.585 |
-------------------------------------------------------------------------------------------
|                 94 |                 12 |              651.041 |                478.195 |
-------------------------------------------------------------------------------------------
|                 95 |                 17 |             1161.203 |                745.387 |
-------------------------------------------------------------------------------------------
|                 96 |                 17 |             1142.856 |                 801.99 |
-------------------------------------------------------------------------------------------
|                 97 |                 17 |             1091.258 |                 801.99 |
-------------------------------------------------------------------------------------------
|                 98 |                  3 |             1054.426 |                698.362 |
-------------------------------------------------------------------------------------------
|                 99 |                  3 |             1054.426 |                664.605 |
-------------------------------------------------------------------------------------------
|                100 |                  5 |              917.489 |                 581.83 |
-------------------------------------------------------------------------------------------
|                101 |                  5 |              871.489 |                 593.83 |
-------------------------------------------------------------------------------------------
|                102 |                  5 |              796.574 |                389.021 |
-------------------------------------------------------------------------------------------
|                103 |                  5 |              791.574 |                272.106 |
-------------------------------------------------------------------------------------------
|                104 |                  5 |             1017.574 |                284.106 |
-------------------------------------------------------------------------------------------
|                105 |                  3 |              599.489 |                 178.83 |
-------------------------------------------------------------------------------------------
|                106 |                  3 |              599.489 |                 131.83 |
-------------------------------------------------------------------------------------------
|                107 |                 22 |              533.574 |                352.106 |
-------------------------------------------------------------------------------------------
|                108 |                 22 |              644.574 |                389.106 |
-------------------------------------------------------------------------------------------
|                109 |                 22 |              644.574 |                512.106 |
-------------------------------------------------------------------------------------------
|                110 |                 22 |              533.574 |                587.106 |
-------------------------------------------------------------------------------------------
|                111 |                 22 |              474.574 |                587.106 |
-------------------------------------------------------------------------------------------
|                112 |                 22 |              462.574 |                512.106 |
-------------------------------------------------------------------------------------------
|                113 |                 22 |              461.574 |                476.106 |
-------------------------------------------------------------------------------------------
|                114 |                 22 |              461.574 |                436.106 |
-------------------------------------------------------------------------------------------
|                115 |                 22 |              461.574 |                389.106 |
-------------------------------------------------------------------------------------------
|                116 |                 20 |              977.494 |                658.053 |
-------------------------------------------------------------------------------------------
|                117 |                 20 |              1024.48 |                692.548 |
-------------------------------------------------------------------------------------------
|                118 |                 20 |             1003.599 |                614.732 |
-------------------------------------------------------------------------------------------
|                119 |                 20 |             1027.944 |                609.987 |
-------------------------------------------------------------------------------------------
|                120 |                 20 |             1057.681 |                610.664 |
-------------------------------------------------------------------------------------------
|                121 |                 20 |             1080.571 |                623.987 |
-------------------------------------------------------------------------------------------
|                122 |                 20 |               1090.4 |                 653.37 |
-------------------------------------------------------------------------------------------
|                123 |                 20 |             1036.386 |                853.531 |
-------------------------------------------------------------------------------------------
|                124 |                 20 |             1001.164 |                853.531 |
-------------------------------------------------------------------------------------------
|                125 |                 20 |              958.486 |                853.531 |
-------------------------------------------------------------------------------------------
|                126 |                 20 |              817.192 |                778.582 |
-------------------------------------------------------------------------------------------
|                127 |                 20 |              817.192 |                796.615 |
-------------------------------------------------------------------------------------------
|                128 |                 20 |              822.021 |                848.702 |
-------------------------------------------------------------------------------------------
|                129 |                 20 |              741.308 |                 842.11 |
-------------------------------------------------------------------------------------------
|                130 |                 20 |              701.076 |                807.458 |
-------------------------------------------------------------------------------------------
|                131 |                 20 |              742.106 |                736.224 |
-------------------------------------------------------------------------------------------
|                132 |                 20 |             1032.773 |                712.109 |
-------------------------------------------------------------------------------------------
|                133 |                 22 |              711.489 |                688.213 |
-------------------------------------------------------------------------------------------
|                134 |                  5 |              911.574 |                285.723 |
-------------------------------------------------------------------------------------------
|                135 |                 22 |              705.489 |                 658.83 |
-------------------------------------------------------------------------------------------
|                136 |                 22 |               744.83 |                704.404 |
-------------------------------------------------------------------------------------------
|                137 |                 22 |              722.574 |                674.021 |
-------------------------------------------------------------------------------------------
|                138 |                 22 |               747.83 |                742.404 |
-------------------------------------------------------------------------------------------
|                139 |                 22 |              729.489 |                742.404 |
-------------------------------------------------------------------------------------------
|                140 |                 22 |               706.83 |                742.404 |
-------------------------------------------------------------------------------------------
|                141 |                 22 |               684.83 |                742.404 |
-------------------------------------------------------------------------------------------
